-0.249481 164.880769
-0.247492 158.198180
-0.243534 164.554763
-0.237574 164.228810
-0.222365 159.013088
-0.218395 165.369725
-0.216405 158.687135
-0.213114 173.845187
-0.211124 167.162597
-0.205164 166.836645
-0.199217 166.510639
-0.198550 157.709171
-0.194580 164.065807
-0.191267 159.502097
-0.187309 165.858680
-0.182672 163.413849
-0.182015 174.334196
-0.170108 173.682237
-0.167452 158.198180
-0.160181 159.991053
-0.156211 166.347689
-0.155544 157.546221
-0.152910 161.783926
-0.151586 163.902804
-0.149596 157.220215
-0.137689 156.568257
-0.135042 160.806014
-0.129094 160.480008
-0.127771 162.598887
-0.126438 144.995951
-0.122478 171.074403
-0.121811 162.272935
-0.116530 170.748397
-0.110570 170.422444
-0.108571 144.018040
-0.106603 157.057212
-0.105946 167.977559
-0.102632 163.413849
-0.101300 145.810913
-0.098662 169.770485
-0.096685 163.087843
-0.095340 145.484960
-0.094695 156.405254
-0.092715 169.444479
-0.091391 171.563358
-0.090068 173.682237
-0.088735 156.079301
-0.086767 169.118473
-0.084120 173.356231
-0.082766 136.031534
-0.077485 144.506996
-0.076828 155.427342
-0.076161 146.625874
-0.074859 168.466515
-0.072870 161.783926
-0.070213 146.299868
-0.067576 170.259441
-0.066910 161.457973
-0.063587 137.172448
-0.059629 143.529031
-0.053669 143.203078
-0.051680 136.520489
-0.046398 144.995951
-0.045075 147.114830
-0.043761 168.955524
-0.041126 173.193228
-0.035166 172.867275
-0.029854 141.899161
-0.029219 172.541269
-0.028531 144.018040
-0.023906 141.573155
-0.023259 172.215317
-0.020593 137.009445
-0.018604 130.326856
-0.017290 152.167549
-0.013989 147.603786
-0.013967 127.882024
-0.011999 140.921197
-0.008695 156.079301
-0.002726 136.031534
0.000566 151.189585
0.003212 155.427342
0.004545 137.824406
0.005212 129.022938
0.006526 150.863632
0.015120 154.775384
0.017119 128.370980
0.019100 141.410206
0.021068 154.449378
0.026371 143.203078
0.027028 154.123425
0.029027 127.719021
0.030341 149.559715
0.031007 140.758247
0.034974 127.393015
0.035631 138.313362
0.036298 129.511894
0.040268 135.868531
0.046206 155.264339
0.048205 128.859935
0.048862 139.780282
0.049529 130.978814
0.050843 152.819508
0.054144 148.255744
0.055467 150.374623
0.061427 150.048671
0.061436 130.326856
0.062750 152.167549
0.066730 138.802371
0.067396 130.000903
0.068698 151.841543
0.069365 143.040075
0.070022 153.960422
0.073335 149.396712
0.074001 140.595244
0.075324 142.714123
0.077980 127.230066
0.079949 140.269238
0.080615 131.467770
0.081929 153.308464
0.086566 150.863632
0.087898 133.260696
0.089888 126.578107
0.091856 139.617279
0.095169 135.053569
0.095836 126.252101
0.097816 139.291327
0.102462 117.124680
0.108410 116.798674
0.111714 131.956779
0.114370 116.472722
0.116328 149.233709
0.118985 133.749652
0.120317 116.146716
0.120974 127.067063
0.120994 107.345248
0.121641 118.265595
0.122288 148.907756
0.126256 135.542525
0.126277 115.820763
0.128267 109.138174
0.130235 122.177346
0.133548 117.613636
0.136861 113.049926
0.138830 126.089098
0.142809 112.723920
0.150062 153.960422
0.150071 134.238607
0.150737 125.437139
0.152092 107.834257
0.152727 118.754550
0.154717 112.071961
0.157354 136.031534
0.159353 109.627130
0.160677 111.746009
0.162000 113.864887
0.164635 118.102592
0.167938 133.260696
0.167948 113.538881
0.168605 124.459228
0.169947 106.856292
0.175209 135.053569
0.177209 108.649165
0.178532 110.768044
0.179846 132.608738
0.181169 134.727616
0.183168 108.323212
0.183825 119.243559
0.184492 110.442091
0.185815 112.560970
0.186460 123.481264
0.190439 110.116085
0.192420 123.155311
0.198368 122.829305
0.199691 124.948184
0.201034 107.345248
0.205670 104.900416
0.206317 115.820763
0.208307 109.138174
0.209618 111.257000
0.210275 122.177346
0.210932 133.097693
0.211599 124.296225
0.212265 115.494757
0.214912 119.732515
0.214931 100.010700
0.216235 121.851394
0.218870 126.089098
0.222183 121.525388
0.224173 114.842799
0.224849 106.041331
0.228143 121.199435
0.230132 114.516846
0.230777 125.437139
0.235433 103.270493
0.236756 105.389372
0.240050 120.547477
0.240717 111.746009
0.248664 104.737413
0.249987 106.856292
0.254592 124.133222
0.254624 104.411461
0.255259 115.331754
0.255935 106.530286
0.257925 99.847697
0.260572 104.085455
0.262561 97.402866
0.263885 99.521744
0.265875 92.839155
0.269832 99.195738
0.271136 121.036432
0.278439 103.107544
0.283044 120.384474
0.284387 102.781538
0.287700 98.217827
0.288366 89.416359
0.290347 102.455585
0.293648 97.891821
0.302242 101.803573
0.303566 103.922452
0.304889 106.041331
0.305555 97.239863
0.306222 88.438395
0.308202 101.477620
0.310192 94.795031
0.311515 96.913910
0.312838 99.032789
0.314150 101.151614
0.318786 98.706783
0.326736 91.698241
0.331360 89.253356
0.332684 91.372235
0.333341 102.292582
0.334007 93.491114
0.337320 88.927404
0.341278 95.283987
0.345915 92.839155
0.349228 88.275445
0.350539 90.394270
0.351862 92.513149
0.353186 94.632028
0.356499 90.068318
0.357156 100.988665
0.357822 92.187197
0.359145 94.306076
0.360457 96.424901
0.372364 95.772942
0.391555 96.913910
0.392221 88.112442
0.398169 87.786436
0.402139 94.143073
0.403463 96.261951
0.412724 91.372235
0.455717 91.209232
0.478209 87.786436
0.490117 87.134477
0.521215 87.623486
0.570157 87.134477
0.576117 86.808525
0.611839 84.852649
0.619111 86.645522
0.625070 86.319569
0.631018 85.993563
0.636966 85.667557
0.642926 85.341605
0.674678 77.029092
0.691879 84.852649
0.703787 84.200690
0.717684 76.866143
0.718996 78.984968
0.730903 78.333009
0.734873 84.689646
0.738186 80.125936
0.750094 79.473977
0.757365 81.266850
0.762002 78.822018
0.763313 80.940844
0.766626 76.377134
0.769273 80.614891
0.773909 78.170060
0.779857 77.844054
0.781180 79.962933
0.783827 84.200690
0.789775 83.874684
0.795735 83.548732
0.797724 76.866143
0.801682 83.222726
0.807642 82.896773
0.809632 76.214184
0.810298 67.412716
0.811610 69.531541
0.813590 82.570767
0.815580 75.888178
0.825497 81.918809
0.827487 75.236219
0.833435 74.910213
0.839395 74.584261
0.842708 70.020550
0.845343 74.258255
0.854616 69.368592
0.855939 71.487471
0.856584 82.407764
0.858574 75.725175
0.860563 69.042586
0.861887 71.161465
0.862553 62.359997
0.865200 66.597754
0.867846 70.835512
0.872471 68.390627
0.877107 65.945796
0.878431 68.064675
0.880420 61.382086
0.881065 72.302379
0.887025 71.976426
0.887692 63.174958
0.890338 67.412716
0.893639 62.848952
0.894963 64.967831
0.896286 67.086710
0.900256 73.443347
0.903557 68.879583
0.905547 62.196994
0.906204 73.117341
0.908194 66.434751
0.908860 57.633283
0.910840 70.672509
0.911507 61.871041
0.912164 72.791388
0.912830 63.989920
0.918778 63.663914
0.920101 65.782793
0.923414 61.219083
0.925383 74.258255
0.926061 65.456840
0.931342 73.932302
0.943916 64.478876
0.950543 55.351455
0.951854 57.470280
0.957814 57.144328
0.963761 56.818322
0.965085 58.937201
0.966408 61.056080
0.971045 58.611248
0.972368 60.730127
0.975003 64.967831
0.976992 58.285242
0.981629 55.840411
0.986253 53.395526
0.990223 59.752162
0.993536 55.188452
0.996171 59.426156
0.998161 52.743567
0.999484 54.862446
1.004121 52.417615
1.006767 56.655372
1.010068 52.091609
1.011392 54.210487
1.012715 56.329366
1.015362 60.567124
1.016028 51.765656
1.017352 53.884535
1.021310 60.241118
1.021976 51.439650
1.029259 53.232576
1.042478 54.699443
1.043157 45.898028
1.063659 49.157821
1.082837 50.298736
1.084827 43.616147
1.086150 45.735025
1.092098 45.409019
1.102016 51.439650
1.104006 44.757061
1.106652 48.994818
1.107976 51.113697
1.109966 44.431108
1.113924 50.787691
1.115913 44.105102
1.118560 48.342860
1.125831 50.135733
1.127821 43.453144
1.130468 47.690901
1.131791 49.809780
1.133781 43.127191
1.135104 45.246070
1.136415 47.364895
1.142375 47.038943
1.145688 42.475232
1.161554 48.179857
1.176775 42.964188
1.185369 46.875940
1.186692 48.994818
1.188682 42.312229
1.194630 41.986223
1.211174 38.889433
1.212497 41.008312
1.218445 40.682306
1.223082 38.237475
1.224405 40.356353
1.229029 37.911469
1.230353 40.030347
1.234989 37.585516
1.236313 39.704395
1.237636 41.823274
1.240937 37.259510
1.242260 39.378389
1.243584 41.497268
1.246897 36.933557
1.254168 38.726430
1.289891 36.770554
1.301798 36.118596
1.313049 24.546290
1.332885 36.607551
1.356055 24.383341
1.362003 24.057335
1.362660 34.977682
1.368607 34.651676
1.374567 34.325723
1.381181 25.198249
1.381838 36.118596
1.386475 33.673764
1.387798 35.792643
1.393746 35.466637
1.402362 19.656627
1.404996 23.894332
1.410956 23.568379
1.412280 25.687258
1.417561 34.162720
1.419551 27.480131
1.420874 29.599010
1.426822 29.273004
1.432125 18.026704
1.434105 31.065930
1.437406 26.502166
1.440053 30.739924
1.440719 21.938456
1.443366 26.176214
1.444689 28.295092
1.445356 19.493624
1.446013 30.413971
1.446679 21.612503
1.450637 27.969086
1.451960 30.087965
1.452627 21.286497
1.453284 32.206844
1.453950 23.405376
1.459898 23.079370
1.462545 27.317128
1.465191 31.554886
1.465858 22.753418
1.466515 33.673764
1.468504 26.991175
1.469828 29.110054
1.470494 20.308586
1.471805 22.427412
1.472462 33.347758
1.475776 28.784048
1.478422 33.021806
1.495621 21.123494
1.496278 32.043841
1.501580 20.797542
1.521416 32.858803
1.525396 19.493624
1.531343 19.167618
1.537303 18.841666
1.549211 18.189707
1.592205 18.026704
2.153808 20.145583
2.154474 11.344115
2.196802 19.982580
2.202762 19.656627
2.214669 19.004669
2.216647 12.322026
2.220617 18.678663
2.222607 11.996074
2.233191 9.225236
2.241786 13.136988
2.245756 19.493624
2.247745 12.811035
2.256340 16.722787
2.271561 11.507118
2.272884 13.625997
2.276185 9.062233
2.277508 11.181112
2.281478 17.537749
2.295376 10.203201
2.298010 14.440905
2.299334 16.559784
2.300657 18.678663
2.301323 9.877195
2.303970 14.114953
2.304637 5.313485
2.306605 18.352657
2.311241 15.907825
2.312565 18.026704
2.320502 11.018109
2.326462 10.692157
2.329109 14.929914
2.335723 5.802440
2.342328 16.396781
2.343672 -1.206102
2.347630 5.150482
2.354235 15.744822
2.356225 9.062233
2.360195 15.418870
2.360861 6.617402
2.361518 17.537749
2.368133 8.410275
2.374759 -0.717146
2.377406 3.520612
2.380040 7.758316
2.386000 7.432363
2.391948 7.106357
2.396584 4.661526
2.411139 8.247325
2.427670 5.150482
2.430984 0.586771
2.436265 9.062233
2.436931 0.260765
2.439578 4.498523
2.440901 6.617402
2.442891 -0.065187
2.445538 4.172570
2.463393 3.194606
2.487208 1.890689
2.493156 1.564683
2.499116 1.238730
2.512347 2.705650
2.518295 2.379644
2.531526 3.846564
2.543433 3.194606
2.794137 0.423768
2.917171 0.260765
2.933715 -2.836025
2.939663 -3.162031
2.940986 -1.043152
2.946946 -1.369105
2.948270 0.749774
2.952894 -1.695111
2.964802 -2.347069
2.995900 -1.858060
2.997211 0.260765
3.003171 -0.065187
3.009119 -0.391193
3.019703 -3.162031
3.049478 -4.791901
3.068657 -3.650986
3.074617 -3.976939
3.080564 -4.302945
3.099743 -3.162031
3.129518 -4.791901
3.172512 -4.954904
3.215506 -5.117907
3.233373 -6.095818
3.239321 -6.421824
3.264460 -5.606862
3.295546 -5.117907
3.319361 -6.421824
3.695746 -5.117907
4.009958 -4.791901
4.035097 -3.976939
4.039721 -6.421824
4.058912 -5.280856
4.078091 -4.139942
4.082727 -6.584773
4.127044 -4.628898
4.138952 -5.280856
4.181946 -5.443859
4.236847 -6.258821
4.600001 -6.421824
4.643007 -6.584773
4.687324 -4.628898
4.742226 -5.443859
4.773312 -4.954904
4.797127 -6.258821
4.804398 -4.465948
4.814995 -7.236732
4.840121 -6.421824
4.994253 -6.095818
5.043207 -6.584773
5.240321 -6.421824
5.252229 -7.073782
5.283327 -6.584773
5.332269 -7.073782
5.375275 -7.236732
5.419592 -5.280856
5.479118 -8.540703
5.559158 -8.540703
5.572389 -7.073782
5.603487 -6.584773
5.652429 -7.073782
5.676244 -8.377700
5.756284 -8.377700
5.991779 -5.932815
6.021542 -7.562738
6.064536 -7.725741
6.440921 -6.421824
6.501782 -7.562738
6.558007 -6.258821
6.563967 -6.584773
6.681041 -6.421824
6.692949 -7.073782
6.734631 -9.355611
6.747850 -7.888744
6.778949 -7.399735
6.802764 -8.703652
6.847081 -6.747776
7.050155 -6.910779
7.093149 -7.073782
7.296235 -7.236732
7.413309 -7.073782
7.604487 -6.584773
7.721561 -6.421824
7.727521 -6.747776
7.770515 -6.910779
7.893549 -7.073782
8.072819 -5.932815
8.225616 -7.725741
8.238847 -6.258821
8.305666 -7.725741
8.306980 -5.606862
8.318887 -6.258821
8.348660 -7.888744
8.391666 -8.051694
8.404887 -6.584773
8.473019 -5.932815
8.717774 -8.377700
8.731005 -6.910779
8.797814 -8.377700
8.996263 -6.095818
9.039257 -6.258821
9.063072 -7.562738
9.117974 -8.377700
9.217205 -7.236732
9.223152 -7.562738
9.267470 -5.606862
9.383232 -7.562738
9.635260 -8.214697
9.685537 -6.584773
9.740439 -7.399735
9.839657 -6.258821
9.937565 -7.236732
9.993789 -5.932815
10.128731 -6.747776
10.171725 -6.910779
10.300719 -7.399735
10.325857 -6.584773
10.405897 -6.584773
10.435660 -8.214697
10.454839 -7.073782
10.663872 -7.562738
10.831223 -5.769865
10.892085 -6.910779
10.948310 -5.606862
11.009171 -6.747776
11.156020 -8.214697
11.224152 -7.562738
11.280377 -6.258821
11.329331 -6.747776
11.385556 -5.443859
11.434509 -5.932815
11.458325 -7.236732
11.470220 -7.888744
11.575399 -7.073782
11.587306 -7.725741
11.746063 -9.844620
11.851241 -9.029658
11.876380 -8.214697
11.963691 -6.421824
12.104592 -7.562738
12.154869 -5.932815
12.197863 -6.095818
12.314949 -5.932815
12.455839 -7.073782
12.690011 -6.747776
12.707866 -7.725741
12.713826 -8.051694
12.733005 -6.910779
12.758143 -6.095818
12.904992 -7.562738
13.035309 -5.932815
13.318423 -6.095818
13.330331 -6.747776
13.472543 -5.769865
13.558543 -6.095818
13.644531 -6.421824
13.786756 -5.443859
13.798663 -6.095818
13.828426 -7.725741
13.847617 -6.584773
13.890611 -6.747776
13.933605 -6.910779
13.945512 -7.562738
14.026876 -5.443859
14.358943 -6.095818
14.364891 -6.421824
14.778322 -4.954904
14.802137 -6.258821
14.808097 -6.584773
14.833223 -5.769865
14.888137 -6.584773
14.975448 -4.791901
15.005211 -6.421824
15.080627 -3.976939
15.091211 -6.747776
15.122297 -6.258821
15.208297 -6.584773
15.510590 -5.606862
15.602537 -6.258821
15.645531 -6.421824
15.664722 -5.280856
15.694485 -6.910779
15.707716 -5.443859
15.730208 -8.866655
15.873743 -5.769865
15.909466 -7.725741
15.922697 -6.258821
16.051691 -6.747776
16.076829 -5.932815
16.106592 -7.562738
16.119823 -6.095818
16.420805 -7.236732
16.445931 -6.421824
16.525971 -6.421824
16.549786 -7.725741
16.580885 -7.236732
16.649017 -6.584773
16.949986 -7.725741
16.969177 -6.584773
17.012171 -6.747776
17.018119 -7.073782
17.037309 -5.932815
17.116026 -8.051694
17.184159 -7.399735
17.252291 -6.747776
17.455365 -6.910779
17.757669 -5.932815
17.763617 -6.258821
17.954783 -5.769865
18.052691 -6.747776
18.071870 -5.606862
18.226002 -5.280856
18.268996 -5.443859
18.472070 -5.606862
18.540202 -4.954904
18.624879 -7.399735
18.626202 -5.280856
18.667872 -7.562738
18.767091 -6.421824
18.784959 -7.399735
18.786282 -5.280856
18.817368 -4.791901
18.829276 -5.443859
18.835223 -5.769865
19.235423 -5.769865
19.278429 -5.932815
19.284377 -6.258821
19.512590 -5.606862
19.555583 -5.769865
19.635623 -5.769865
19.961743 -6.095818
19.980922 -4.954904
20.012008 -4.465948
20.023916 -5.117907
20.078829 -5.932815
20.114540 -7.888744
20.127771 -6.421824
20.207811 -6.421824
20.213771 -6.747776
20.252128 -4.465948
20.307042 -5.280856
20.329534 -8.703652
20.330857 -6.584773
20.520700 -8.214697
20.582885 -7.236732
20.651017 -6.584773
20.676143 -5.769865
20.756183 -5.769865
20.785959 -7.399735
20.940079 -7.073782
21.020119 -7.073782
21.174251 -6.747776
21.297285 -6.910779
21.358146 -8.051694
21.365417 -6.258821
21.389232 -7.562738
21.457365 -6.910779
21.475220 -7.888744
21.636623 -5.769865
21.703445 -7.236732
21.857565 -6.910779
22.122823 -6.095818
22.165817 -6.258821
22.208811 -6.421824
22.374851 -6.747776
22.442983 -6.095818
22.454891 -6.747776
22.497885 -6.910779
22.548162 -5.280856
22.892137 -6.584773
22.948362 -5.280856
22.960269 -5.932815
23.083303 -6.095818
23.176574 -4.628898
23.200389 -5.932815
23.206337 -6.258821
23.286377 -6.258821
23.329371 -6.421824
23.409411 -6.421824
23.600589 -5.932815
23.760669 -5.932815
23.784485 -7.236732
23.939928 -4.791901
23.944565 -7.236732
23.988882 -5.280856
24.000789 -5.932815
24.098685 -6.910779
24.123823 -6.095818
24.143002 -4.954904
24.264725 -7.236732
24.307719 -7.399735
24.350712 -7.562738
24.400989 -5.932815
24.467799 -7.399735
24.510792 -7.562738
24.664925 -7.236732
24.666236 -5.117907
24.973177 -6.584773
25.090251 -6.421824
25.115390 -5.606862
25.133257 -6.584773
25.213297 -6.584773
25.330371 -6.421824
25.521549 -5.932815
25.644583 -6.095818
25.650531 -6.421824
25.656491 -6.747776
25.662439 -7.073782
25.712716 -5.443859
25.779525 -6.910779
26.081829 -5.932815
26.278943 -5.769865
26.310042 -5.280856
26.345765 -7.236732
26.433076 -5.443859
26.487977 -6.258821
26.585885 -7.236732
26.661288 -4.791901
26.685103 -6.095818
26.691051 -6.421824
26.704282 -4.954904
26.777051 -6.747776
26.968217 -6.258821
26.974177 -6.584773
27.097211 -6.747776
27.387596 -5.117907
27.399503 -5.769865
27.485503 -6.095818
27.553636 -5.443859
27.571491 -6.421824
27.713716 -5.443859
27.762669 -5.932815
28.002789 -5.932815
28.131771 -6.421824
28.139054 -4.628898
28.145002 -4.954904
28.231002 -5.280856
28.285903 -6.095818
28.311042 -5.280856
28.365943 -6.095818
28.483029 -5.932815
28.748276 -5.117907
28.760183 -5.769865
28.809137 -6.258821
28.828316 -5.117907
28.840223 -5.769865
29.000303 -5.769865
29.277470 -5.606862
29.332371 -6.421824
29.412411 -6.421824
29.413734 -4.302945
29.505682 -4.954904
29.567867 -3.976939
29.603589 -5.932815
29.622768 -4.791901
29.942928 -4.791901
29.997830 -5.606862
30.134094 -4.302945
30.163869 -5.932815
30.177088 -4.465948
30.263088 -4.791901
30.343128 -4.791901
30.366943 -6.095818
30.392082 -5.280856
30.446983 -6.095818
30.546202 -4.954904
30.675196 -5.443859
30.859091 -6.747776
30.870999 -7.399735
30.951039 -7.399735
31.013211 -6.421824
31.051581 -4.139942
31.057528 -4.465948
31.063488 -4.791901
31.068125 -7.236732
31.217608 -4.465948
31.259291 -6.747776
31.297648 -4.465948
31.672722 -5.280856
31.678670 -5.606862
31.696537 -6.584773
31.739531 -6.747776
31.745479 -7.073782
31.758710 -5.606862
31.764669 -5.932815
31.899611 -6.747776
32.022645 -6.910779
32.127823 -6.095818
32.176777 -6.584773
32.354712 -7.562738
32.404989 -5.932815
32.410937 -6.258821
32.533971 -6.421824
32.600780 -7.888744
32.713242 -5.280856
32.731097 -6.258821
32.780051 -6.747776
32.903085 -6.910779
32.996356 -5.443859
33.279470 -5.606862
33.420371 -6.747776
33.470636 -5.117907
33.574491 -6.421824
33.587722 -4.954904
33.710756 -5.117907
33.741854 -4.628898
33.807340 -8.214697
33.839750 -5.606862
33.919790 -5.606862
34.060691 -6.747776
34.073922 -5.280856
34.079870 -5.606862
34.085829 -5.932815
34.128823 -6.095818
34.294851 -6.421824
34.671236 -5.117907
34.701011 -6.747776
34.718866 -7.725741
34.744005 -6.910779
34.751276 -5.117907
34.769143 -6.095818
34.831316 -5.117907
34.837276 -5.443859
34.935171 -6.421824
35.243423 -5.769865
35.545728 -4.791901
35.668762 -4.954904
35.711756 -5.117907
35.736894 -4.302945
35.778577 -6.584773
35.791796 -5.117907
36.131147 -3.976939
36.166869 -5.932815
36.197956 -5.443859
36.211187 -3.976939
36.291227 -3.976939
36.369943 -6.095818
36.414261 -4.139942
36.475122 -5.280856
36.580288 -4.465948
36.598156 -5.443859
36.678196 -5.443859
36.758236 -5.443859
36.764183 -5.769865
36.961310 -5.606862
36.979177 -6.584773
37.029442 -4.954904
37.121390 -5.606862
37.189522 -4.954904
37.219297 -6.584773
37.237152 -7.562738
37.244423 -5.769865
37.361510 -5.606862
37.447509 -5.932815
37.465365 -6.910779
37.508359 -7.073782
37.675722 -5.280856
37.736571 -6.421824
37.748479 -7.073782
37.853657 -6.258821
37.976691 -6.421824
38.006466 -8.051694
38.204903 -5.769865
38.308759 -7.073782
38.359036 -5.443859
38.445023 -5.769865
38.587248 -4.791901
38.617011 -6.421824
38.685143 -5.769865
38.746005 -6.910779
38.788999 -7.073782
38.814137 -6.258821
39.030442 -4.954904
39.097251 -6.421824
39.109159 -7.073782
39.128349 -5.932815
39.140257 -6.584773
39.250060 -8.214697
39.392285 -7.236732
39.485543 -5.769865
39.571543 -6.095818
39.774617 -6.258821
39.824894 -4.628898
39.934697 -6.258821
39.965783 -5.769865
40.069639 -7.073782
40.094777 -6.258821
40.199956 -5.443859
40.223771 -6.747776
40.397082 -5.280856
40.414937 -6.258821
40.569069 -5.932815
40.908408 -4.791901
40.988448 -4.791901
41.043350 -5.606862
41.068488 -4.791901
41.104211 -6.747776
41.111482 -4.954904
41.209389 -5.932815
41.295377 -6.258821
41.486543 -5.769865
41.536821 -4.139942
41.566583 -5.769865
41.567907 -3.650986
41.794796 -5.117907
41.873525 -7.236732
41.922466 -7.725741
41.953565 -7.236732
41.954876 -5.117907
42.003830 -5.606862
42.023008 -4.465948
42.046823 -5.769865
42.071962 -4.954904
42.238002 -5.280856
42.335897 -6.258821
42.527063 -5.769865
42.693103 -6.095818
42.718242 -5.280856
42.773143 -6.095818
42.798282 -5.280856
42.964310 -5.606862
42.970269 -5.932815
42.976217 -6.258821
43.056257 -6.258821
43.099261 -6.421824
43.216347 -6.258821
43.228255 -6.910779
43.259341 -6.421824
43.382387 -6.584773
43.499461 -6.421824
43.615224 -8.377700
43.708495 -6.910779
43.727673 -5.769865
43.770679 -5.932815
43.868575 -6.910779
43.887753 -5.769865
44.084880 -5.606862
44.250919 -5.932815
44.293913 -6.095818
44.305821 -6.747776
44.559172 -5.280856
44.829055 -6.910779
44.860141 -6.421824
44.904458 -4.465948
44.965320 -5.606862
45.033452 -4.954904
45.058591 -4.139942
45.064538 -4.465948
45.168393 -5.769865
45.272249 -7.073782
45.322526 -5.443859
45.352289 -7.073782
45.562646 -5.443859
45.587784 -4.628898
45.593732 -4.954904
45.728673 -5.769865
45.820621 -6.421824
45.851719 -5.932815
45.919852 -5.280856
45.974753 -6.095818
45.980701 -6.421824
46.245960 -5.606862
46.257867 -6.258821
46.288953 -5.769865
46.337907 -6.258821
46.429855 -6.910779
46.529073 -5.769865
46.572079 -5.932815
46.621021 -6.421824
46.960372 -5.280856
47.046360 -5.606862
47.095313 -6.095818
47.138307 -6.258821
47.151538 -4.791901
47.274572 -4.954904
47.372479 -5.932815
47.378427 -6.258821
47.427381 -6.747776
47.440612 -5.280856
47.569593 -5.769865
47.581501 -6.421824
47.630455 -6.910779
47.809713 -5.769865
47.913569 -7.073782
47.969793 -5.769865
48.049833 -5.769865
48.129873 -5.769865
48.327000 -5.606862
48.498987 -6.258821
48.530073 -5.769865
48.629304 -4.628898
48.653119 -5.932815
48.857517 -3.976939
48.924326 -5.443859
48.942181 -6.421824
48.992458 -4.791901
49.028181 -6.747776
49.041412 -5.280856
49.047360 -5.606862
49.059267 -6.258821
49.447560 -5.606862
49.515692 -4.954904
49.527600 -5.606862
49.804766 -5.443859
49.847760 -5.606862
49.866938 -4.465948
49.872898 -4.791901
49.964846 -5.443859
50.007840 -5.606862
50.142781 -6.421824
50.197695 -7.236732
50.222821 -6.421824
50.273098 -4.791901
50.353138 -4.791901
50.376953 -6.095818
50.396132 -4.954904
50.796332 -4.954904
50.882332 -5.280856
50.913418 -4.791901
50.937233 -6.095818
51.116492 -4.954904
51.147578 -4.465948
51.214399 -5.932815
51.239526 -5.117907
51.245486 -5.443859
51.423421 -6.421824
51.516692 -4.954904
51.528600 -5.606862
51.540507 -6.258821
51.811713 -5.769865
51.893077 -3.650986
51.953938 -4.791901
52.076972 -4.954904
52.157012 -4.954904
52.243012 -5.280856
52.438815 -7.236732
52.459317 -3.976939
52.477172 -4.954904
52.545304 -4.302945
52.557212 -4.954904
52.711344 -4.628898
52.741107 -6.258821
52.791384 -4.628898
52.827107 -6.584773
52.969320 -5.606862
52.981227 -6.258821
53.019597 -3.976939
53.062591 -4.139942
53.178353 -6.095818
53.209440 -5.606862
53.480646 -5.117907
53.572593 -5.769865
53.800806 -5.117907
53.862991 -4.139942
53.894077 -3.650986
53.953615 -6.910779
53.966846 -5.443859
54.015799 -5.932815
54.034978 -4.791901
54.066064 -4.302945
54.083932 -5.280856
54.095839 -5.932815
54.255919 -5.932815
54.298913 -6.095818
54.415999 -5.932815
54.544981 -6.421824
54.718292 -4.954904
54.773193 -5.769865
54.946504 -4.302945
55.038452 -4.954904
55.118492 -4.954904
55.309658 -4.465948
55.500837 -3.976939
55.512744 -4.628898
55.517369 -7.073782
55.543831 -4.139942
55.666864 -4.302945
55.807766 -5.443859
55.832904 -4.628898
55.863991 -4.139942
55.893753 -5.769865
55.895077 -3.650986
55.949978 -4.465948
56.164972 -5.280856
56.170920 -5.606862
56.307184 -4.302945
56.331000 -5.606862
56.399132 -4.954904
56.422947 -6.258821
56.485132 -5.280856
56.528126 -5.443859
56.614113 -5.769865
56.953464 -4.628898
57.255757 -3.650986
57.310658 -4.465948
57.335797 -3.650986
57.353664 -4.628898
57.378791 -3.813989
57.396658 -4.791901
57.445612 -5.280856
57.476698 -4.791901
57.525652 -5.280856
57.648686 -5.443859
57.691680 -5.606862
57.902037 -3.976939
57.919892 -4.954904
57.931800 -5.606862
57.962886 -5.117907
57.980753 -6.095818
58.011840 -5.606862
58.283046 -5.117907
58.294953 -5.769865
58.326052 -5.280856
58.349867 -6.584773
58.412040 -5.606862
58.455033 -5.769865
58.652160 -5.606862
59.046412 -5.280856
59.065591 -4.139942
59.200532 -4.954904
59.219711 -3.813989
59.262717 -3.976939
59.280572 -4.954904
59.323566 -5.117907
59.440652 -4.954904
59.557738 -4.791901
59.563686 -5.117907
59.680772 -4.954904
59.760812 -4.954904
59.914944 -4.628898
60.067741 -6.421824
60.106111 -4.139942
60.112058 -4.465948
60.184827 -6.258821
60.229144 -4.302945
60.241052 -4.954904
60.272138 -4.465948
60.321092 -4.954904
60.499039 -5.932815
60.598258 -4.791901
60.628021 -6.421824
60.641252 -4.954904
60.838378 -4.791901
61.029544 -4.302945
61.152578 -4.465948
61.232618 -4.465948
61.312658 -4.465948
61.330526 -5.443859
61.355664 -4.628898
61.447612 -5.280856
61.472738 -4.465948
61.638778 -4.791901
61.804806 -5.117907
61.847812 -5.280856
61.904037 -3.976939
61.927852 -5.280856
61.984077 -3.976939
62.062793 -6.095818
62.205006 -5.117907
62.253960 -5.606862
62.273138 -4.465948
62.480849 -7.073782
62.482172 -4.954904
62.526489 -2.999028
62.623073 -6.095818
62.679298 -4.791901
62.710384 -4.302945
62.870464 -4.302945
62.913458 -4.465948
62.931326 -5.443859
62.937273 -5.769865
63.202532 -4.954904
63.343433 -6.095818
63.485646 -5.117907
63.504837 -3.976939
63.516744 -4.628898
63.577593 -5.769865
63.608692 -5.280856
63.621911 -3.813989
63.657633 -5.769865
63.817713 -5.769865
63.922892 -4.954904
63.934800 -5.606862
63.940759 -5.932815
64.020799 -5.932815
64.292006 -5.443859
64.360138 -4.791901
64.532126 -5.443859
64.557264 -4.628898
64.612166 -5.443859
64.637304 -4.628898
64.741159 -5.932815
64.803332 -4.954904
64.809292 -5.280856
64.932326 -5.443859
65.129452 -5.280856
65.271664 -4.302945
65.283572 -4.954904
65.498553 -5.769865
65.511784 -4.302945
65.529652 -5.280856
65.814089 -3.324980
65.911984 -4.302945
65.917944 -4.628898
65.931163 -3.162031
65.984753 -6.095818
66.035018 -4.465948
66.126966 -5.117907
66.138873 -5.769865
66.152104 -4.302945
66.269191 -4.139942
66.441178 -4.791901
66.484172 -4.954904
66.625073 -6.095818
66.823511 -3.813989
66.829471 -4.139942
66.835418 -4.465948
66.865193 -6.095818
66.890332 -5.280856
66.989551 -4.139942
67.081498 -4.791901
67.283249 -7.073782
67.315658 -4.465948
67.432744 -4.302945
67.561738 -4.791901
67.604732 -4.954904
67.647726 -5.117907
67.659633 -5.769865
67.666917 -3.976939
67.772083 -3.162031
67.776720 -5.606862
67.862719 -5.932815
67.893806 -5.443859
68.239104 -4.628898
68.256960 -5.606862
68.391901 -6.421824
68.399184 -4.628898
68.411092 -5.280856
68.430271 -4.139942
68.434907 -6.584773
68.460033 -5.769865
68.602258 -4.791901
68.780193 -5.769865
68.811292 -5.280856
68.829147 -6.258821
68.971372 -5.280856
69.026273 -6.095818
69.168486 -5.117907
69.365612 -4.954904
69.451612 -5.280856
69.512461 -6.421824
69.580593 -5.769865
69.592501 -6.421824
69.704951 -3.813989
69.790951 -4.139942
69.796898 -4.465948
69.894806 -5.443859
70.203058 -4.791901
70.234144 -4.302945
70.357178 -4.465948
70.437218 -4.465948
70.472941 -6.421824
70.504039 -5.932815
70.560264 -4.628898
70.701153 -5.769865
70.850649 -2.999028
70.862557 -3.650986
70.892332 -5.280856
70.905551 -3.813989
71.009406 -5.117907
71.169486 -5.117907
71.311711 -4.139942
71.434744 -4.302945
71.520744 -4.628898
71.600784 -4.628898
71.606732 -4.954904
71.612692 -5.280856
71.625911 -3.813989
71.803858 -4.791901
72.067793 -6.095818
72.217289 -3.324980
72.278138 -4.465948
72.334363 -3.162031
72.370086 -5.117907
72.451449 -2.999028
72.531489 -2.999028
72.580443 -3.487983
72.709437 -3.976939
72.727292 -4.954904
72.733252 -5.280856
72.979320 -5.606862
73.047452 -4.954904
73.165862 -2.673022
73.196948 -2.184066
73.220763 -3.487983
73.226711 -3.813989
73.281624 -4.628898
73.336526 -5.443859
73.379520 -5.606862
73.644778 -4.791901
73.663957 -3.650986
73.798898 -4.465948
73.880262 -2.347069
73.915984 -4.302945
74.107151 -3.813989
74.372409 -2.999028
74.378369 -3.324980
74.427311 -3.813989
74.495443 -3.162031
74.544397 -3.650986
74.550357 -3.976939
74.562264 -4.628898
74.568212 -4.954904
74.648252 -4.954904
74.667431 -3.813989
74.691246 -5.117907
74.734252 -5.280856
75.245578 -4.791901
75.276664 -4.302945
75.332889 -2.999028
75.399698 -4.465948
75.485698 -4.791901
75.491646 -5.117907
75.553831 -4.139942
75.567062 -2.673022
75.672240 -1.858060
75.756904 -4.302945
76.034071 -4.139942
76.194151 -4.139942
76.200098 -4.465948
76.207382 -2.673022
76.249052 -4.954904
76.250375 -2.836025
76.299329 -3.324980
76.354231 -4.139942
76.366138 -4.791901
76.372086 -5.117907
76.489172 -4.954904
76.717384 -4.302945
76.797424 -4.302945
76.969412 -4.954904
77.062683 -3.487983
77.129492 -4.954904
77.209532 -4.954904
77.253849 -2.999028
77.326618 -4.791901
77.345797 -3.650986
77.369612 -4.954904
77.370935 -2.836025
77.449652 -4.954904
77.492646 -5.117907
77.646778 -4.791901
77.732766 -5.117907
77.800898 -4.465948
78.109151 -3.813989
78.164074 -4.628898
78.218976 -5.443859
78.374419 -2.999028
78.380379 -3.324980
78.521268 -4.465948
78.540459 -3.324980
78.583453 -3.487983
78.601308 -4.465948
78.607268 -4.791901
78.613216 -5.117907
78.730302 -4.954904
78.921468 -4.465948
78.945283 -5.769865
79.087508 -4.791901
79.112647 -3.976939
79.155641 -4.139942
79.284634 -4.628898
79.370622 -4.954904
79.376582 -5.280856
79.425523 -5.769865
79.475801 -4.139942
79.604794 -4.628898
79.801908 -4.465948
80.073127 -3.976939
80.141259 -3.324980
80.190201 -3.813989
80.196161 -4.139942
80.276201 -4.139942
80.399234 -4.302945
80.405194 -4.628898
80.467367 -3.650986
80.707487 -3.650986
80.824573 -3.487983
80.941659 -3.324980
81.064693 -3.487983
81.132825 -2.836025
81.168548 -4.791901
81.180456 -5.443859
81.199634 -4.302945
81.248588 -4.791901
81.304813 -3.487983
81.329952 -2.673022
81.484072 -2.347069
81.562788 -4.465948
81.568748 -4.791901
81.593887 -3.976939
81.796961 -4.139942
81.914047 -3.976939
82.031121 -3.813989
82.037081 -4.139942
82.123068 -4.465948
82.191201 -3.813989
82.240154 -4.302945
82.474327 -3.976939
82.505413 -3.487983
82.628447 -3.650986
82.819613 -3.162031
82.825573 -3.487983
83.022699 -3.324980
83.053785 -2.836025
83.102739 -3.324980
83.293905 -2.836025
83.373945 -2.836025
83.496979 -2.999028
83.520794 -4.302945
83.625973 -3.487983
83.639204 -2.021063
83.680874 -4.302945
83.692782 -4.954904
83.711961 -3.813989
83.835007 -3.976939
83.836330 -1.858060
83.916370 -1.858060
83.995087 -3.976939
84.038081 -4.139942
84.081074 -4.302945
84.272241 -3.813989
84.549407 -3.650986
84.611592 -2.673022
84.666493 -3.487983
84.678401 -4.139942
84.691632 -2.673022
84.709487 -3.650986
84.770348 -4.791901
84.776296 -5.117907
84.875527 -3.976939
84.943659 -3.324980
85.195687 -3.976939
85.275727 -3.976939
85.355767 -3.976939
85.411992 -2.673022
85.509887 -3.650986
85.515847 -3.976939
85.781093 -3.162031
85.816816 -5.117907
85.898179 -2.999028
85.904139 -3.324980
85.959041 -4.139942
86.101253 -3.162031
86.243478 -2.184066
86.267293 -3.487983
86.421413 -3.162031
86.525268 -4.465948
86.685348 -4.465948
86.686672 -2.347069
86.704539 -3.324980
86.790527 -3.650986
86.846752 -2.347069
86.988976 -1.369105
87.061733 -3.162031
87.178819 -2.999028
87.319721 -4.139942
87.369986 -2.510072
87.461933 -3.162031
87.547933 -3.487983
87.561164 -2.021063
87.604158 -2.184066
87.665019 -3.324980
87.745059 -3.324980
87.825099 -3.324980
88.008994 -4.628898
88.139299 -2.999028
88.151207 -3.650986
88.164438 -2.184066
88.170386 -2.510072
88.367512 -2.347069
88.422413 -3.162031
88.502453 -3.162031
88.890746 -2.510072
88.915884 -1.695111
88.921844 -2.021063
88.933752 -2.673022
89.087872 -2.347069
89.209594 -4.628898
89.210906 -2.510072
89.242004 -2.021063
89.252588 -4.791901
89.253912 -2.673022
89.351807 -3.650986
89.370986 -2.510072
89.451026 -2.510072
89.605158 -2.184066
89.628973 -3.487983
89.732828 -4.791901
89.820139 -2.999028
89.912087 -3.650986
90.035121 -3.813989
90.122444 -2.021063
90.152207 -3.650986
90.195201 -3.813989
90.202484 -2.021063
90.281201 -4.139942
90.349333 -3.487983
90.367188 -4.465948
90.398287 -3.976939
90.798487 -3.976939
90.817665 -2.836025
90.829573 -3.487983
90.860659 -2.999028
91.173548 -4.791901
91.179496 -5.117907
91.217865 -2.836025
91.272767 -3.650986
91.297905 -2.836025
91.303853 -3.162031
91.360090 -1.858060
91.389853 -3.487983
91.635921 -3.813989
91.667019 -3.324980
91.864133 -3.162031
91.882001 -4.139942
91.999087 -3.976939
92.024213 -3.162031
92.055312 -2.673022
92.264333 -3.162031
92.436321 -3.813989
92.603684 -2.021063
92.652626 -2.510072
92.886798 -2.184066
92.929792 -2.347069
92.980069 -0.717146
93.009832 -2.347069
93.021739 -2.999028
93.052826 -2.510072
93.138825 -2.836025
93.329992 -2.347069
93.347859 -3.324980
93.353807 -3.650986
93.402761 -4.139942
93.410032 -2.347069
93.490072 -2.347069
93.619065 -2.836025
93.668019 -3.324980
93.728868 -4.465948
93.759967 -3.976939
93.902179 -2.999028
93.994127 -3.650986
94.007358 -2.184066
94.123121 -4.139942
94.191253 -3.487983
94.259385 -2.836025
94.499505 -2.836025
94.640407 -3.976939
94.658262 -4.954904
94.745573 -3.162031
94.757481 -3.813989
94.764764 -2.021063
94.775348 -4.791901
94.800487 -3.976939
94.961890 -1.858060
95.040607 -3.976939
95.067056 -1.043152
95.194727 -3.650986
95.385893 -3.162031
95.614106 -2.510072
95.731192 -2.347069
95.848278 -2.184066
95.965364 -2.021063
95.977272 -2.673022
96.082450 -1.858060
96.143299 -2.999028
96.168438 -2.184066
96.211432 -2.347069
96.525644 -2.021063
96.630822 -1.206102
96.827936 -1.043152
96.988016 -1.043152
96.992653 -3.487983
96.993976 -1.369105
97.019115 -0.554143
97.036970 -1.532108
97.042930 -1.858060
97.085924 -2.021063
97.134866 -2.510072
97.165964 -2.021063
97.331992 -2.347069
97.412032 -2.347069
97.714336 -1.369105
97.757330 -1.532108
97.793053 -3.487983
97.911462 -1.206102
98.120484 -1.695111
98.139675 -0.554143
98.151582 -1.206102
98.169438 -2.184066
98.219715 -0.554143
98.335466 -2.510072
98.366564 -2.021063
98.384419 -2.999028
98.390379 -3.324980
98.415506 -2.510072
98.471742 -1.206102
98.581545 -2.836025
98.630499 -3.324980
98.661585 -2.836025
98.901705 -2.836025
99.006884 -2.021063
99.055826 -2.510072
99.067733 -3.162031
99.172912 -2.347069
99.221865 -2.836025
99.313813 -3.487983
99.344899 -2.999028
99.375986 -2.510072
99.430899 -3.324980
99.733192 -2.347069
99.924370 -1.858060
100.041444 -1.695111
100.090398 -2.184066
100.133392 -2.347069
100.139352 -2.673022
100.158530 -1.532108
100.483327 -3.976939
100.514413 -3.487983
100.515736 -1.369105
100.582545 -2.836025
100.761804 -1.695111
100.785619 -2.999028
100.792902 -1.206102
100.892121 -0.065187
100.898069 -0.391193
100.939752 -2.673022
100.988693 -3.162031
101.166641 -4.139942
101.185819 -2.999028
101.205010 -1.858060
101.216906 -2.510072
101.382945 -2.836025
101.525170 -1.858060
101.580072 -2.673022
101.863185 -2.836025
101.882364 -1.695111
101.888324 -2.021063
101.968364 -2.021063
102.128444 -2.021063
102.319610 -1.532108
102.386419 -2.999028
102.417506 -2.510072
102.658949 -0.391193
102.669533 -3.162031
102.688724 -2.021063
102.737666 -2.510072
102.738989 -0.391193
102.819029 -0.391193
102.879890 -1.532108
102.952659 -3.324980
102.971838 -2.184066
103.020792 -2.673022
103.163004 -1.695111
103.291998 -2.184066
103.483164 -1.695111
103.686250 -1.858060
103.785469 -0.717146
103.865509 -0.717146
103.877416 -1.369105
104.006410 -1.858060
104.037496 -1.369105
104.049404 -2.021063
104.142675 -0.554143
104.314662 -1.206102
104.505829 -0.717146
104.585869 -0.717146
104.603724 -1.695111
104.615632 -2.347069
104.683764 -1.695111
104.769764 -2.021063
104.782995 -0.554143
104.888161 0.260765
105.035022 -1.206102
105.300269 -0.391193
105.324084 -1.695111
105.380309 -0.391193
105.423315 -0.554143
105.466309 -0.717146
105.490124 -2.021063
105.515262 -1.206102
105.558256 -1.369105
105.644244 -1.695111
105.724284 -1.695111
105.915462 -1.206102
106.155582 -1.206102
106.260749 -0.391193
106.291847 0.097816
106.352696 -1.043152
106.383795 -0.554143
106.469783 -0.880149
106.709903 -0.880149
106.772087 0.097816
106.795902 -1.206102
106.831613 -3.162031
106.852127 0.097816
106.887850 -1.858060
106.899746 -2.510072
106.901069 -0.391193
106.912976 -1.043152
107.004924 -1.695111
107.104155 -0.554143
107.293998 -2.184066
107.393216 -1.043152
107.436222 -1.206102
107.596302 -1.206102
107.750423 -0.880149
107.768290 -1.858060
107.873456 -1.043152
107.904555 -0.554143
108.181709 -0.391193
108.372887 0.097816
108.415881 -0.065187
108.421829 -0.391193
108.538915 -0.228190
108.550823 -0.880149
108.581909 -0.391193
108.630863 -0.880149
108.865035 -0.554143
108.876942 -1.206102
108.980786 -2.510072
108.982109 -0.391193
109.007247 0.423768
109.068109 -0.717146
109.085964 -1.695111
109.185195 -0.554143
109.339315 -0.228190
109.394216 -1.043152
109.517262 -1.206102
109.585395 -0.554143
109.609210 -1.858060
109.640296 -1.369105
109.745475 -0.554143
109.874456 -1.043152
109.917462 -1.206102
110.145675 -0.554143
110.410921 0.260765
110.421506 -2.510072
110.428789 -0.717146
110.434736 -1.043152
110.477742 -1.206102
110.496921 -0.065187
110.649730 -1.858060
110.817081 -0.065187
110.860075 -0.228190
110.898445 2.053692
110.914976 -1.043152
111.042647 -3.650986
111.155096 -1.043152
111.186195 -0.554143
111.253004 -2.021063
111.254327 0.097816
111.309229 -0.717146
111.358182 -1.206102
111.407124 -1.695111
111.426315 -0.554143
111.493124 -2.021063
111.832463 -0.880149
112.060675 -0.228190
112.140715 -0.228190
112.287564 -1.695111
112.331881 0.260765
112.367604 -1.695111
112.447644 -1.695111
112.486014 0.586771
112.615007 0.097816
112.714226 1.238730
112.757220 1.075727
112.972201 0.260765
113.206374 0.586771
113.237460 1.075727
113.397540 1.075727
113.409447 0.423768
113.440534 0.912724
113.452441 0.260765
113.606584 0.586771
113.686624 0.586771
113.692571 0.260765
113.710439 -0.717146
113.839432 -1.206102
113.852651 0.260765
113.944599 -0.391193
113.975697 0.097816
114.031922 1.401733
114.178771 -0.065187
114.411620 -1.858060
114.424839 -0.391193
114.444030 0.749774
114.561104 0.912724
114.567064 0.586771
114.616017 0.097816
114.676866 -1.043152
114.702005 -0.228190
114.733091 0.260765
114.756906 -1.043152
114.879952 -1.206102
114.885900 -1.532108
114.911039 -0.717146
115.151159 -0.717146
115.391279 -0.717146
115.434273 -0.880149
115.490497 0.423768
115.533491 0.260765
115.643306 -1.369105
115.785519 -0.391193
115.810657 0.423768
115.958839 -18.646088
116.112962 1.401733
116.204910 0.749774
116.284950 0.749774
116.376897 0.097816
116.519110 1.075727
116.531017 0.423768
116.624288 1.890689
116.808184 0.586771
116.913362 1.401733
116.944448 1.890689
116.962304 0.912724
117.011257 0.423768
117.264608 1.890689
117.313562 1.401733
117.330094 -1.695111
117.343325 -0.228190
117.361192 -1.206102
117.411457 0.423768
117.516636 1.238730
117.540451 -0.065187
117.578809 2.216641
117.608584 0.586771
117.621815 2.053692
118.076916 1.238730
118.231036 1.564683
118.365990 0.749774
118.391116 1.564683
118.496295 2.379644
118.580971 -0.065187
118.619329 2.216641
118.705328 1.890689
118.717236 1.238730
118.760230 1.075727
118.809184 0.586771
118.859449 2.216641
118.953386 -5.117907
119.074442 1.401733
119.154482 1.401733
119.160430 1.075727
119.172337 0.423768
119.277516 1.238730
119.313239 -0.717146
119.455451 0.260765
119.473319 -0.717146
119.541451 -0.065187
119.622815 2.053692
119.634722 1.401733
119.701531 -0.065187
119.702855 2.053692
119.762392 -1.206102
119.966790 0.749774
120.232036 1.564683
120.237996 1.238730
